20250314_094207.jpg; 2513; 446; 960; 484; 804; 1811; 2645; 1765
20250314_094212.jpg; 796; 298; 742; 1803; 2482; 1814; 2483; 355
20250314_094218.jpg; 2321; 509; 722; 816; 1182; 2312; 3061; 1617
20250314_094220.jpg; 1894; 1016; 985; 1577; 1760; 2394; 2608; 1605
20250314_094225.jpg; 363; 1577; 1611; 1795; 1996; 813; 921; 738
20250314_094228.jpg; 2167; 417; 1055; 455; 620; 1532; 1695; 1848
20250314_094229.jpg; 1003; 483; 518; 1577; 1714; 1956; 2199; 551
20250314_094232.jpg; 274; 714; 603; 2680; 2747; 2712; 3086; 838
20250314_094237.jpg; 2204; 1122; 892; 1744; 1455; 2999; 2866; 2203
20250314_094241.jpg; 2651; 679; 1546; 1208; 2192; 2257; 3388; 1528
20250314_094247.jpg; 2659; 372; 1176; 725; 1613; 2133; 3203; 1592
20250314_094254.jpg; 2136; 551; 546; 916; 955; 2413; 2654; 1794
20250314_094258.jpg; 2444; 755; 930; 953; 1146; 2399; 2805; 2021
20250314_094303.jpg; 2483; 502; 770; 884; 946; 2467; 3162; 1832
20250314_094307.jpg; 491; 1230; 591; 1678; 1072; 1681; 1010; 1242
20250314_094310.jpg; 2011; 650; 1735; 2151; 3633; 2775; 3520; 1349
20250314_094315.jpg; 3756; 0; 32; 418; 0; 2999; 3567; 2473
20250314_101751.jpg; 1713; 1002; 837; 1347; 1422; 2215; 2370; 1664
20250314_101756.jpg; 2783; 434; 1547; 472; 1546; 1441; 3022; 1373
20250314_101802.jpg; 3097; 666; 1890; 708; 2003; 1699; 3465; 1604
20250314_101806.jpg; 3086; 614; 1576; 638; 1607; 2006; 3422; 1895
20250314_101808.jpg; 2827; 273; 1535; 870; 2437; 2200; 3718; 1303
20250314_101812.jpg; 2753; 295; 1408; 868; 2521; 2307; 3816; 1293
20250314_101815.jpg; 3726; 1238; 2759; 152; 1059; 411; 1540; 1872
20250314_101818.jpg; 3828; 1365; 2897; 209; 1131; 367; 1479; 1880
20250314_101820.jpg; 3354; 421; 1349; 455; 753; 1985; 3629; 2244
20250314_101822.jpg; 1901; 309; 1064; 1455; 3255; 2205; 3751; 511
20250314_101826.jpg; 2387; 538; 3105; 977; 3617; 655; 2948; 316
20250314_101828.jpg; 2157; 744; 3117; 1373; 3699; 754; 2839; 300
20250314_101829.jpg; 2347; 425; 1512; 1119; 2672; 1874; 3356; 928
20250314_101832.jpg; 1601; 788; 2691; 920; 2703; 363; 1854; 277
20250314_101838.jpg; 2171; 416; 1562; 416; 1523; 902; 2224; 894
20250314_101840.jpg; 1406; 608; 2046; 738; 1784; 1347; 1045; 1164
20250314_101843.jpg; 2447; 1728; 2143; 1209; 1077; 1232; 1024; 1829
